30726724
30711710
30686771
30679017
30665341
30636904
30627633
30627085
30593497
30583851
30563047
30557783
30523064
30538724
30531935
30528856
30483160
30417082
30396281
30385191
30319351
30311737
30262549
30250263
30242133
30237867
30233641
30231625
30224722
30176067
30158855
30137253
30135642
30132892
30126171
30115809
30097759
30087606
30084485
30057755
30056576
29984470
29970983
29901787
29899064
29892074
29859980
29844802
29796988
29785777
29775702
29771335
29713264
29704597
29641418
29605426
29599705
29590342
29486296
29483611
29480774
29398931
29379191
29375310
29367010
29358017
29339535
29325626
29317220
29292077
29291238
29274095
29218006
29217836
29217098
29201556
29178241
29163124
29163043
29133950
29116166
29114038
29114037
29112191
29106525
29083768
29075560
29040407
29038238
29036014
28972453
28960184
28955201
28929824
28923933
28915148
28887386
28869609
28866801
28829283
28826631
28823556
28815939
28814538
28772121
28719137
28697590
28688003
28687074
28674175
28660769
28652410
28649315
28632163
28617938
28616094
28607173
28596820
28590057
28584888
28572606
28552599
28534217
28533625
28504725
28499489
28484016
28465421
28451631
28420439
28370141
28366741
28329674
28322282
28316753
28301083
28232951
28223318
28218269
28183735
28173181
28137726
28077511
28050218
28012946
27957526
27916527
27904820
27902989
27881780
27865048
27862088
27597551
27664080
27720735
27754417
27604541
27713816
27708271
27696642
27695335
27672537
27663742
27656021
27643955
27643697
27638450
27485117
27478051
27445731
27422057
27414076
27383586
27365114
27355815
27355575
27355445
27355274
27350105
27345143
27335463
27334385
27312842
27294193
27293187
27287737
27273096
27260404
27221801
27184741
27142239
27138803
27126308
27120077
27102723
27093069
27090306
27089882
27001315
26937381
26933487
26888925
26850918
26845707
28861483
26819560
26794591
26772998
26764156
26733386
26715660
26712713
26702437
26697163
26670047
26663181
26640241
26627235
26612855
26582006
26559723
26558778
26554012
26547130
26516618
26475977
26393489
26374839
26372002
26365141
26361565
26322075
26308557
26307763
26306459
26298628
26294013
26281226
26239490
26190969
26166728
26110222
26047724
26026973
26022075
25986746
25979787
25956630
25920745
25864830
25859182
25849048
25844398
25820841
25809302
25804740
25790165
25784856
25767309
25705365
25679778
25674387
25641759
25606363
25606362
25602250
25562659
25541421
25529181
25500855
25498860
25466251
25432637
25432536
25424470
25420222
25416280
25389413
25383903
25348604
25311365
25284784
25278957
25271084
25258535
25258334
25227249
25224527
25199916
25171808
25171325
25170347
25168779
25167861
25153086
25136377
25120560
25110527
25080404
25079250
25055869
25016041
25013385
24963073
24906019
24904293
24876161
24875778
24848467
24831882
24817631
24814569
24773431
24737721
24733999
24715853
24713347
24701200
24684608
24681195
24664669
24654675
24648324
24646437
24564913
24550778
24518745
24493647
24463622
24463508
24463507
24462936
24448645
24448548
24442360
24432860
24424424
24423648
24408886
24354947
24338128
24318628
24238429
24232444
24211451
24207117
24173622
24141422
24115651
24065579
24050404
24046358
24008143
23934111
23885228
23867198
23849776
23778581
23747611
23740941
23727436
23723176
23719910
23660422
23660195
23548045
23542787
23523717
23509247
23497562
23485365
23464607
23458504
23436049
23390134
23389741
25632275
23352156
23327738
23320543
27186135
23260144
23254376
23235829
23223062
23202739
23200289
23148316
23135462
23129072
23083736
23042784
23015788
23015112
23011134
22993295
22934085
22903700
22900020
22842191
22817866
22767137
22738402
22693142
22641815
22615862
22579290
22543975
22542183
22539853
20301558
22522693
22483378
22483044
22435671
22405502
22384253
24660047
22351071
22348382
22328088
22306264
22268788
22267161
22265702
22227453
22224633
22113615
22087250
22080836
22067669
22046307
22043169
22022567
22017584
22009349
22001913
21988366
21976507
21972117
21934270
21926154
21901840
21893949
21893938
21867686
21856714
21827901
21795626
21795546
21784246
21783174
21671049
21669931
21648356
21646280
21617890
21596554
21596027
21548960
21490592
21484200
21478165
21475730
21427756
21364941
21328568
21314987
21291308
21268289
21248685
21220020
21215802
21162125
21108954
21107340
21090964
21068064
20981777
20937127
20859177
20858229
20843831
20804589
20809278
20643379
20600866
20534828
20534533
20519966
20497624
20463240
20442204
20439717
20434996
20425835
20300527
20159451
20071534
20032969
20014373
20011099
19996900
19968948
19932134
19810826
19799873
19760650
19738924
19724010
19514725
21547712
19475765
19325170
19220592
19211207
19193898
19166269
19138667
19127654
19117905
19085879
19025200
19016890
18957214
18829439
18784272
18579676
18570292
18565783
18460934
18410188
18410169
18398441
18321984
18165971
18165273
18093519
18057320
17965627
17932962
17895972
17880640
17848915
17724287
17592139
17562585
17519220
17435464
17376973
17340199
17326118
17201482
17197085
17166860
17166801
17097142
17074338
16998604
16700053
16690229
16685180
16639106
16555225
16511373
16343653
16281003
16201716
16108982
15900222
15817054
15655077
15613987
15362161
15219735
15000256
14981523
14755444
12898586
12655491
12599115
12238024
11916334
11694672
11450815
11301211
11180223
10899802
9806479
9754690
9738717
9358013
9254854
9034011
8844091
8844082
9118347
8539651
7977358
